#title: Spectral profile - IRAS15445_spw29_cube-raster
#region (world): Rectangle[[15:48:19.455, -54d58m20.719], [15:48:19.34, -54d58m19.574]]
#region (pixel): Rectangle[[1216, 1252], [1299, 1347]]
#coordinate: world
#xLabel: radio velocity [km/s]
#yLabel: [Jy/beam] Mean

# IRAS15445_spw29_cube-raster
6.759016723633e+02 1.799841310635e-05
6.741303100586e+02 -4.954378914715e-05
6.723589477539e+02 -1.700414797963e-05
6.705875854492e+02 1.190703642299e-04
6.688162231445e+02 -3.555502538877e-05
6.670449218750e+02 -1.070984801855e-04
6.652735595703e+02 -6.085870331507e-05
6.635021972656e+02 -6.691546310921e-05
6.617308349609e+02 -1.941224577839e-04
6.599594726562e+02 -9.856234213959e-05
6.581881103516e+02 -3.574537283090e-05
6.564168090820e+02 2.104933473609e-05
6.546454467773e+02 1.600063295665e-05
6.528740844727e+02 -3.817134019615e-06
6.511027221680e+02 1.015378862419e-05
6.493313598633e+02 -5.334330230999e-05
6.475599975586e+02 2.716243209809e-05
6.457886352539e+02 -3.269148400730e-05
6.440173339844e+02 -3.329999158001e-05
6.422459716797e+02 6.711844673663e-06
6.404746093750e+02 -5.914884341563e-05
6.387032470703e+02 -5.910545868276e-05
6.369318847656e+02 4.780351225099e-05
6.351605224609e+02 1.663919803556e-05
6.333892211914e+02 5.104493964770e-05
6.316178588867e+02 1.052106035554e-05
6.298464965820e+02 -6.545435203069e-05
6.280751342773e+02 -1.604086795643e-05
6.263037719727e+02 -1.242010130866e-04
6.245324096680e+02 -3.888357615384e-05
6.227611083984e+02 1.065022697967e-04
6.209897460938e+02 -1.621471869475e-04
6.192183837891e+02 2.032418645596e-05
6.174470214844e+02 3.932160977777e-06
6.156756591797e+02 3.942028620321e-05
6.139042968750e+02 8.077949669189e-05
6.121329345703e+02 -1.326384830890e-05
6.103616333008e+02 2.120750311909e-05
6.085902709961e+02 5.642481416246e-06
6.068189086914e+02 -9.852427060226e-07
6.050475463867e+02 -4.633802395616e-05
6.032761840820e+02 6.838424083553e-05
6.015048217773e+02 1.693131557060e-04
5.997335205078e+02 1.364882541456e-05
5.979621582031e+02 8.751315294129e-05
5.961907958984e+02 7.817608489374e-05
5.944194335938e+02 -4.237965695687e-05
5.926480712891e+02 -7.713017233986e-05
5.908767089844e+02 -1.774166794943e-05
5.891054077148e+02 -2.920527382704e-06
5.873340454102e+02 3.148729354688e-04
5.855626831055e+02 -8.891036038699e-05
5.837913208008e+02 3.896752929999e-05
5.820199584961e+02 -1.673989077446e-05
5.802485961914e+02 7.699561484789e-05
5.784772338867e+02 -5.364805714791e-05
5.767059326172e+02 -1.438011148328e-04
5.749345703125e+02 -7.192847194928e-06
5.731632080078e+02 1.710295758420e-05
5.713918457031e+02 7.357828668551e-05
5.696204833984e+02 -1.676314701784e-04
5.678491210938e+02 -1.680040439295e-04
5.660778198242e+02 -1.915638239773e-04
5.643064575195e+02 1.032754641651e-05
5.625350952148e+02 1.699988810997e-05
5.607637329102e+02 -9.562680579439e-05
5.589923706055e+02 1.493504807510e-05
5.572210083008e+02 7.376059495079e-05
5.554496459961e+02 2.165936967789e-05
5.536783447266e+02 -6.761011802416e-05
5.519069824219e+02 -1.352240805481e-04
5.501356201172e+02 -4.610768924606e-05
5.483642578125e+02 6.806382767042e-06
5.465928955078e+02 -3.794119687285e-05
5.448215332031e+02 -1.210418848071e-04
5.430502319336e+02 -8.325953432008e-05
5.412788696289e+02 -1.004428762222e-04
5.395075073242e+02 8.658695632213e-05
5.377361450195e+02 1.042896409694e-04
5.359647827148e+02 -2.272534292097e-05
5.341934204102e+02 8.822995843340e-05
5.324221191406e+02 4.486260031163e-05
5.306507568359e+02 -1.795732874034e-05
5.288793945312e+02 -1.723391644557e-04
5.271080322266e+02 4.534172482083e-05
5.253366699219e+02 7.582318397889e-05
5.235653076172e+02 -6.550943417566e-05
5.217939453125e+02 2.891309398652e-04
5.200226440430e+02 -1.314381665581e-05
5.182512817383e+02 -5.933718292620e-05
5.164799194336e+02 -4.707264471865e-06
5.147085571289e+02 -2.078804174456e-04
5.129371948242e+02 -3.044475759629e-05
5.111658630371e+02 -2.089116076515e-05
5.093945007324e+02 -6.869639782562e-05
5.076231384277e+02 -4.556178890509e-05
5.058518066406e+02 1.706359765515e-04
5.040804443359e+02 6.159654924779e-05
5.023090820312e+02 4.234008692144e-05
5.005377502441e+02 6.407724625239e-05
4.987663879395e+02 4.599526370481e-05
4.969950256348e+02 -1.335854742796e-04
4.952236938477e+02 -1.435204290967e-05
4.934523315430e+02 -1.459900508127e-04
4.916809692383e+02 3.976310978450e-05
4.899096374512e+02 9.901057654018e-05
4.881382751465e+02 -1.132258305089e-04
4.863669128418e+02 -4.263699629762e-05
4.845955810547e+02 7.611485932195e-05
4.828242187500e+02 1.120755949205e-04
4.810528564453e+02 9.000033567661e-05
4.792815246582e+02 7.952810456598e-05
4.775101623535e+02 -1.137873360917e-04
4.757388000488e+02 -1.217835603384e-04
4.739674377441e+02 -2.538124964986e-05
4.721961059570e+02 -2.677379861983e-05
4.704247436523e+02 -6.399452990268e-05
4.686533813477e+02 -1.448670843506e-04
4.668820495605e+02 1.112873979617e-04
4.651106872559e+02 -2.750572096816e-04
4.633393249512e+02 1.519546729975e-04
4.615679931641e+02 8.506652371808e-05
4.597966308594e+02 -1.139980757738e-04
4.580252685547e+02 1.877699136513e-04
4.562539367676e+02 3.470018074821e-04
4.544825744629e+02 -1.715881086430e-05
4.527112121582e+02 -1.356365000060e-04
4.509398803711e+02 -1.355613832489e-04
4.491685180664e+02 8.535340088701e-05
4.473971557617e+02 -1.301188381725e-04
4.456258239746e+02 -5.054526643623e-05
4.438544616699e+02 -4.814669718545e-05
4.420830993652e+02 1.105610855283e-04
4.403117370605e+02 1.340980239576e-06
4.385404052734e+02 -1.680884143082e-04
4.367690429688e+02 -1.177070792793e-04
4.349976806641e+02 1.281574895010e-05
4.332263488770e+02 -4.737449289868e-05
4.314549865723e+02 -3.130142911931e-05
4.296836242676e+02 -2.220596106025e-05
4.279122924805e+02 6.394195115291e-05
4.261409301758e+02 -3.158202917379e-05
4.243695678711e+02 -7.000749145670e-05
4.225982360840e+02 -1.280208886872e-04
4.208268737793e+02 -2.416836585159e-04
4.190555114746e+02 -5.192777388572e-05
4.172841796875e+02 7.259861724687e-05
4.155128173828e+02 2.058040448427e-05
4.137414550781e+02 5.960601478806e-05
4.119700927734e+02 -1.015455920052e-04
4.101987609863e+02 1.364321028423e-04
4.084273986816e+02 -1.557162664286e-05
4.066560363770e+02 5.065474527273e-05
4.048847045898e+02 -3.923184983509e-05
4.031133422852e+02 -4.489125152068e-05
4.013419799805e+02 1.118335478972e-04
3.995706481934e+02 8.044781172912e-05
3.977992858887e+02 -1.327013194261e-05
3.960279235840e+02 -2.094865689835e-04
3.942565917969e+02 -1.290645660668e-04
3.924852294922e+02 -1.505153399671e-04
3.907138671875e+02 -1.506299299021e-04
3.889425354004e+02 2.247316497018e-04
3.871711730957e+02 -3.816741886226e-05
3.853998107910e+02 7.806759698451e-05
3.836284790039e+02 -2.905140303226e-06
3.818571166992e+02 -7.955108960821e-05
3.800857543945e+02 -1.628822351871e-05
3.783143920898e+02 -5.620242177166e-05
3.765430603027e+02 -4.024874982674e-05
3.747716979980e+02 3.590680456836e-05
3.730003356934e+02 3.888226485159e-05
3.712290039062e+02 -4.863935567495e-05
3.694576416016e+02 -1.803663011628e-04
3.676862792969e+02 -9.572921402956e-05
3.659149475098e+02 -1.859499900448e-04
3.641435852051e+02 1.300405772702e-04
3.623722229004e+02 1.806594070174e-04
3.606008911133e+02 6.451076575559e-05
3.588295288086e+02 1.788932915065e-04
3.570581665039e+02 -7.574256869300e-05
3.552868347168e+02 1.888384312678e-04
3.535154724121e+02 3.367148127150e-05
3.517441101074e+02 5.273548205337e-06
3.499727478027e+02 -1.763754123777e-04
3.482014160156e+02 8.082984771796e-05
3.464300537109e+02 -2.471518037885e-04
3.446586914062e+02 -9.618969718523e-05
3.428873596191e+02 -2.494506470132e-05
3.411159973145e+02 -8.515666829701e-05
3.393446350098e+02 4.705119356477e-05
3.375733032227e+02 -3.577135300668e-05
3.358019409180e+02 -6.546433394652e-06
3.340305786133e+02 -3.006780476631e-05
3.322592468262e+02 4.971144584500e-05
3.304878845215e+02 -3.197273763885e-05
3.287165222168e+02 2.992394708667e-05
3.269451904297e+02 1.232240705606e-04
3.251738281250e+02 1.002914357138e-04
3.234024658203e+02 2.487840062827e-05
3.216311340332e+02 -4.134303527744e-05
3.198597717285e+02 6.200108599109e-05
3.180884094238e+02 3.225773130091e-04
3.163170471191e+02 3.193548175386e-04
3.145457153320e+02 3.237756644493e-04
3.127743530273e+02 2.943959077952e-04
3.110029907227e+02 3.510549831240e-04
3.092316589355e+02 2.301917930504e-04
3.074602966309e+02 1.804736342320e-04
3.056889343262e+02 1.769937658931e-04
3.039176025391e+02 1.593504325737e-04
3.021462402344e+02 2.813248469937e-04
3.003748779297e+02 3.405778867840e-04
2.986035461426e+02 1.911263109627e-04
2.968321838379e+02 3.779576302281e-04
2.950608215332e+02 9.718043073658e-05
2.932894897461e+02 1.576165482760e-04
2.915181274414e+02 3.088449684448e-04
2.897467651367e+02 3.921936042624e-04
2.879754333496e+02 4.289272631288e-04
2.862040710449e+02 2.696944007225e-04
2.844327087402e+02 3.277117765632e-04
2.826613464355e+02 4.408947438799e-04
2.808900146484e+02 3.410709066266e-04
2.791186523438e+02 2.288097400864e-04
2.773472900391e+02 3.701611933096e-04
2.755759582520e+02 2.880222040127e-04
2.738045959473e+02 3.071061816648e-04
2.720332336426e+02 1.583032087176e-04
2.702619018555e+02 1.947039458248e-04
2.684905395508e+02 3.173787446565e-04
2.667191772461e+02 2.695057222105e-04
2.649478454590e+02 1.888891399217e-04
2.631764831543e+02 1.798129912191e-04
2.614051208496e+02 2.550611915142e-04
2.596337890625e+02 4.199112555156e-04
2.578624267578e+02 3.588729671226e-04
2.560910644531e+02 3.596166245085e-04
2.543197174072e+02 3.607464604062e-04
2.525483703613e+02 1.217900721461e-04
2.507770080566e+02 2.587195757727e-04
2.490056610107e+02 2.440046634937e-04
2.472342987061e+02 1.923030110145e-04
2.454629516602e+02 1.136869618651e-04
2.436916046143e+02 3.696044560986e-04
2.419202423096e+02 3.060092177302e-04
2.401488952637e+02 4.516404485643e-04
2.383775482178e+02 2.504267513489e-04
2.366061859131e+02 3.165645451702e-04
2.348348388672e+02 2.527977348237e-04
2.330634918213e+02 2.607119207236e-04
2.312921295166e+02 3.231005822105e-04
2.295207824707e+02 3.052003528599e-04
2.277494201660e+02 2.135903936747e-04
2.259780731201e+02 3.981425653261e-04
2.242067260742e+02 2.457284895071e-04
2.224353637695e+02 2.137041789469e-04
2.206640167236e+02 2.019667572345e-04
2.188926696777e+02 1.915621401460e-04
2.171213073730e+02 7.540963203264e-05
2.153499603271e+02 1.599855051928e-04
2.135785980225e+02 9.777484553542e-05
2.118072509766e+02 3.102502374190e-05
2.100359039307e+02 1.271285475079e-04
2.082645416260e+02 8.646312021615e-05
2.064931945801e+02 1.484941389162e-05
2.047218475342e+02 1.402521051027e-04
2.029504852295e+02 -1.834614364025e-04
2.011791381836e+02 -1.244593098270e-04
1.994077758789e+02 -8.985168168548e-05
1.976364288330e+02 -2.452270803103e-04
1.958650817871e+02 -2.987630211161e-04
1.940937194824e+02 6.054170344735e-05
1.923223724365e+02 2.097453127587e-04
1.905510253906e+02 -6.207826376519e-06
1.887796630859e+02 -2.509316176153e-05
1.870083160400e+02 -1.064735329059e-05
1.852369689941e+02 7.616242383074e-05
1.834656066895e+02 -1.146674881205e-04
1.816942596436e+02 -1.502226960485e-04
1.799228973389e+02 -5.488037951188e-05
1.781515502930e+02 -2.099150667951e-04
1.763802032471e+02 1.349039290846e-04
1.746088409424e+02 4.867241762792e-05
1.728374938965e+02 1.622588823319e-05
1.710661468506e+02 -9.456986638071e-05
1.692947845459e+02 -7.009905909659e-05
1.675234375000e+02 -8.280654644885e-05
1.657520751953e+02 -3.559750487606e-05
1.639807281494e+02 1.730089344303e-05
1.622093811035e+02 -1.427115567758e-04
1.604380187988e+02 1.330680612349e-04
1.586666717529e+02 4.741520659828e-05
1.568953247070e+02 9.318298544021e-05
1.551239624023e+02 -8.670904154159e-05
1.533526153564e+02 1.211893150403e-05
1.515812530518e+02 -5.728730086391e-05
1.498099060059e+02 -2.373864167432e-04
1.480385589600e+02 -1.887847870849e-04
1.462671966553e+02 -5.222851658580e-05
1.444958496094e+02 8.410048884258e-05
1.427245025635e+02 8.149593710554e-05
1.409531402588e+02 -1.872020303712e-04
1.391817932129e+02 -8.385795008089e-05
1.374104461670e+02 1.189333778486e-04
1.356390838623e+02 -1.629492866904e-04
1.338677368164e+02 -2.527516604311e-04
1.320963745117e+02 -1.344090614979e-04
1.303250274658e+02 -1.092883400374e-04
1.285536804199e+02 -1.168463900305e-05
1.267823257446e+02 2.033307499903e-05
1.250109710693e+02 -1.064045218999e-05
1.232396163940e+02 4.153169516299e-05
1.214682617188e+02 -1.080963737452e-04
1.196969146729e+02 -2.172149820979e-04
1.179255599976e+02 -9.467109742409e-05
1.161542053223e+02 5.874925013279e-05
1.143828506470e+02 -1.565680578211e-04
1.126115036011e+02 -3.513648900386e-05
1.108401489258e+02 -4.961947214845e-05
1.090687942505e+02 -5.421584729572e-05
1.072974395752e+02 -3.359646658732e-04
1.055260925293e+02 -1.386478162101e-04
1.037547378540e+02 -4.055394052365e-05
1.019833831787e+02 -1.587081924957e-04
1.002120285034e+02 -2.116731505798e-04
9.844068145752e+01 -1.273124576480e-04
9.666932678223e+01 6.557952924125e-06
9.489797210693e+01 -1.062027340907e-04
9.312661743164e+01 -5.938824920803e-05
9.135527038574e+01 -1.608361007670e-05
8.958391571045e+01 1.453682253266e-04
8.781256103516e+01 -3.403779280924e-06
8.604121398926e+01 -2.247113096158e-04
8.426985931396e+01 1.978595499795e-04
8.249850463867e+01 -8.745478509012e-05
8.072714996338e+01 -1.094633392828e-04
7.895580291748e+01 -8.107602236315e-05
7.718444824219e+01 -8.154701828854e-05
7.541309356689e+01 -4.027891350372e-05
7.364173889160e+01 -2.006566917836e-04
7.187039184570e+01 -1.616460757739e-04
7.009903717041e+01 5.428028364507e-05
6.832768249512e+01 -4.666210932635e-05
6.655632781982e+01 -3.132066279403e-05
6.478498077393e+01 6.692835261426e-05
6.301362609863e+01 -3.440494998791e-05
6.124227142334e+01 -7.915615666375e-05
5.947092056274e+01 -1.139988729860e-04
5.769956588745e+01 -2.939030853930e-05
5.592821502686e+01 6.649388316198e-06
5.415686035156e+01 9.859049043443e-05
5.238550949097e+01 -1.237376614573e-04
5.061415481567e+01 -7.334861507712e-05
4.884280395508e+01 -1.527251822771e-04
4.707144927979e+01 -1.269586742622e-04
4.530009841919e+01 -1.722586683791e-04
4.352874374390e+01 1.628477389973e-05
4.175739288330e+01 1.099453173645e-04
3.998604202271e+01 -3.575210815608e-05
3.821468734741e+01 4.234276168000e-05
3.644333648682e+01 1.875259220263e-04
3.467198181152e+01 5.331687882464e-05
3.290063095093e+01 -1.787863160652e-04
3.112927627563e+01 -7.404008114342e-05
2.935792350769e+01 -7.170650703556e-05
2.758657073975e+01 -6.325552167933e-05
2.581521797180e+01 3.299903281308e-05
2.404386520386e+01 -6.358038004730e-06
2.227251243591e+01 1.234085841978e-04
2.050115966797e+01 1.749263414380e-05
1.872980690002e+01 2.837287322340e-04
1.695845413208e+01 1.145361418290e-04
1.518710231781e+01 2.763276305913e-05
1.341574954987e+01 -3.811717586962e-05
1.164439678192e+01 1.694703927664e-05
9.873044013977e+00 7.778287303348e-05
8.101691246033e+00 6.249085365518e-05
6.330338954926e+00 1.510978561882e-04
4.558986186981e+00 1.984046940865e-04
2.787633419037e+00 2.658010847455e-04
1.016280770302e+00 2.920661707366e-04
-7.550719380379e-01 3.748498439019e-04
-2.526424646378e+00 2.375519984543e-04
-4.297777175903e+00 2.012833452462e-04
-6.069129943848e+00 1.331909064136e-04
-7.840482711792e+00 2.838142052987e-04
-9.611835479736e+00 3.849339966026e-04
-1.138318824768e+01 5.526435041659e-04
-1.315454101562e+01 3.409135205546e-04
-1.492589378357e+01 5.782935894029e-04
-1.669724655151e+01 6.534343076173e-04
-1.846859931946e+01 7.733952174365e-04
-2.023995208740e+01 6.647634821971e-04
-2.201130485535e+01 8.564013053444e-04
-2.378265762329e+01 8.537179637138e-04
-2.555401039124e+01 1.146243984307e-03
-2.732536315918e+01 1.307641210677e-03
-2.909671592712e+01 1.424970575304e-03
-3.086806869507e+01 1.578821853287e-03
-3.263941955566e+01 1.782408798954e-03
-3.441077423096e+01 1.922467561481e-03
-3.618212509155e+01 2.089491228167e-03
-3.795347976685e+01 2.243659602875e-03
-3.972483062744e+01 2.538930536700e-03
-4.149618530273e+01 2.789989842372e-03
-4.326753616333e+01 1.702495059769e-03
-4.503889083862e+01 1.599433617267e-03
-4.681024169922e+01 3.452125236446e-03
-4.858159637451e+01 3.454421922728e-03
-5.035294723511e+01 3.675989564020e-03
-5.212430191040e+01 3.704896387597e-03
-5.389565277100e+01 3.648912603124e-03
-5.566700744629e+01 3.636450940239e-03
-5.743835830688e+01 3.689494308237e-03
-5.920971298218e+01 3.491321014294e-03
-6.098106384277e+01 3.601360253682e-03
-6.275241470337e+01 3.564592530759e-03
-6.452376556396e+01 3.505562948793e-03
-6.629512023926e+01 3.426776095075e-03
-6.806647491455e+01 3.590413264102e-03
-6.983782958984e+01 3.452941581700e-03
-7.160917663574e+01 3.449337407869e-03
-7.338053131104e+01 3.233048354169e-03
-7.515188598633e+01 3.218352232255e-03
-7.692324066162e+01 3.274371064261e-03
-7.869458770752e+01 3.410927934532e-03
-8.046594238281e+01 3.247751867059e-03
-8.223729705811e+01 3.161990077478e-03
-8.400865173340e+01 3.252817070013e-03
-8.577999877930e+01 3.081742909894e-03
-8.755135345459e+01 3.175094993720e-03
-8.932270812988e+01 3.119925408732e-03
-9.109406280518e+01 3.224596891975e-03
-9.286540985107e+01 3.097393183007e-03
-9.463676452637e+01 3.311480441024e-03
-9.640811920166e+01 3.350059668397e-03
-9.817947387695e+01 3.109618334650e-03
-9.995082092285e+01 3.274521267973e-03
-1.017221755981e+02 3.348489205141e-03
-1.034935302734e+02 3.464875147407e-03
-1.052648849487e+02 3.429118319307e-03
-1.070362319946e+02 3.747279583580e-03
-1.088075866699e+02 3.484975265091e-03
-1.105789413452e+02 3.605882100668e-03
-1.123502883911e+02 3.610967330783e-03
-1.141216430664e+02 3.425836725829e-03
-1.158929977417e+02 3.440826341028e-03
-1.176643524170e+02 3.493018077820e-03
-1.194356994629e+02 3.253166114829e-03
-1.212070541382e+02 3.427863760685e-03
-1.229784088135e+02 3.489509033007e-03
-1.247497634888e+02 3.420438452104e-03
-1.265211105347e+02 3.490862058507e-03
-1.282924652100e+02 3.069155361994e-03
-1.300638122559e+02 3.253588354153e-03
-1.318351745605e+02 3.061592485887e-03
-1.336065216064e+02 2.775937450652e-03
-1.353778839111e+02 2.739613424726e-03
-1.371492309570e+02 2.755792271854e-03
-1.389205780029e+02 2.410629148541e-03
-1.406919403076e+02 2.504758953809e-03
-1.424632873535e+02 2.180657490355e-03
-1.442346343994e+02 1.954305980047e-03
-1.460059967041e+02 1.845350829990e-03
-1.477773437500e+02 1.517964554407e-03
-1.495487060547e+02 1.283776701868e-03
-1.513200531006e+02 1.274649442180e-03
-1.530914001465e+02 1.187753614574e-03
-1.548627624512e+02 1.240109025729e-03
-1.566341094971e+02 1.041403343074e-03
-1.584054565430e+02 8.644837551645e-04
-1.601768188477e+02 7.916651148115e-04
-1.619481658936e+02 9.164570409239e-04
-1.637195129395e+02 6.244102416978e-04
-1.654908752441e+02 7.440787907206e-04
-1.672622222900e+02 5.989822433778e-04
-1.690335845947e+02 4.626798849522e-04
-1.708049316406e+02 5.516476893183e-04
-1.725762786865e+02 4.613011698484e-04
-1.743476409912e+02 5.755684053097e-04
-1.761189880371e+02 5.264776003085e-04
-1.778903350830e+02 4.544926501616e-04
-1.796616973877e+02 3.058330859966e-04
-1.814330444336e+02 3.543123175110e-04
-1.832044067383e+02 3.705616769368e-04
-1.849757537842e+02 2.849095301054e-04
-1.867471008301e+02 2.496196895191e-04
-1.885184631348e+02 2.785851491688e-04
-1.902898101807e+02 3.207117471437e-04
-1.920611572266e+02 1.740995579204e-04
-1.938325195312e+02 8.214044216011e-05
-1.956038665771e+02 1.906991393544e-04
-1.973752288818e+02 1.783707226598e-04
-1.991465759277e+02 -1.741955838017e-06
-2.009179229736e+02 2.481905786858e-04
-2.026892852783e+02 9.554547525274e-05
-2.044606323242e+02 7.461556122209e-06
-2.062319793701e+02 1.119009756548e-04
-2.080033416748e+02 6.929319681037e-05
-2.097746887207e+02 5.634415417309e-05
-2.115460510254e+02 8.267322575332e-05
-2.133173980713e+02 -8.926268345900e-05
-2.150887451172e+02 -1.919223086797e-05
-2.168601074219e+02 -4.184906755975e-05
-2.186314544678e+02 -5.710732346631e-07
-2.204028015137e+02 2.087253990071e-05
-2.221741638184e+02 3.096201976674e-05
-2.239455108643e+02 -9.656080317181e-05
-2.257168579102e+02 5.303869648368e-05
-2.274882202148e+02 -6.722581705872e-05
-2.292595672607e+02 7.020517772107e-05
-2.310309295654e+02 8.540672469488e-05
-2.328022766113e+02 -2.465137360359e-04
-2.345736236572e+02 -1.967722718002e-04
-2.363449859619e+02 5.600533714171e-06
-2.381163330078e+02 -6.715424677810e-05
-2.398876800537e+02 8.215717430228e-06
-2.416590423584e+02 1.086708284376e-04
-2.434303894043e+02 -4.378674387291e-05
-2.452017517090e+02 -2.794433368851e-04
-2.469730987549e+02 -2.367135547776e-04
-2.487444458008e+02 -1.538398934955e-04
-2.505158081055e+02 -2.868082510561e-05
-2.522871551514e+02 -6.943364771187e-05
-2.540585021973e+02 -1.571581140301e-04
-2.558298645020e+02 -1.344779048659e-04
-2.576012268066e+02 -1.273853485441e-05
-2.593725585938e+02 -9.651153247998e-05
-2.611439208984e+02 7.080221512440e-05
-2.629152832031e+02 -1.818509486265e-04
-2.646866149902e+02 2.722561488720e-05
-2.664579772949e+02 -1.514865380952e-04
-2.682293395996e+02 -1.495229970903e-04
-2.700006713867e+02 -2.029217689755e-05
-2.717720336914e+02 8.703110780435e-05
-2.735433959961e+02 -1.113785036656e-04
-2.753147277832e+02 -1.384584298929e-05
-2.770860900879e+02 2.653691857437e-05
-2.788574523926e+02 -4.425214813730e-05
-2.806287841797e+02 9.140190171217e-05
-2.824001464844e+02 -7.918565351373e-05
-2.841715087891e+02 -1.176212709385e-04
-2.859428710938e+02 -3.517153653665e-05
-2.877142028809e+02 -6.050450642196e-05
-2.894855651855e+02 -4.216181687103e-05
-2.912569274902e+02 -1.316735359983e-04
-2.930282592773e+02 -5.769062316252e-05
-2.947996215820e+02 -7.963928958550e-05
-2.965709838867e+02 4.630571451186e-05
-2.983423156738e+02 -2.021732649867e-05
-3.001136779785e+02 9.997448054952e-05
-3.018850402832e+02 6.778072887735e-05
-3.036563720703e+02 1.214011145676e-04
-3.054277343750e+02 -5.853052529046e-06
-3.071990966797e+02 5.107348654861e-05
-3.089704284668e+02 2.334364018452e-04
-3.107417907715e+02 -1.323206934597e-04
-3.125131530762e+02 1.598047839012e-04
-3.142845153809e+02 9.654183399271e-05
-3.160558471680e+02 2.444828417791e-04
-3.178272094727e+02 -2.774311920153e-05
-3.195985717773e+02 -9.273110025496e-05
-3.213699035645e+02 -1.315132684141e-05
-3.231412658691e+02 9.735952035090e-05
-3.249126281738e+02 -8.988696018628e-05
-3.266839599609e+02 9.773600565692e-05
-3.284553222656e+02 1.038768117295e-04
-3.302266845703e+02 4.775156028134e-06
-3.319980163574e+02 1.443421760215e-04
-3.337693786621e+02 3.999560888836e-05
-3.355407409668e+02 -6.851943907746e-05
-3.373120727539e+02 3.564643284117e-05
-3.390834350586e+02 7.251479821117e-05
-3.408547973633e+02 8.169565737851e-05
-3.426261291504e+02 -1.469361851865e-04
-3.443974914551e+02 4.536754853441e-05
-3.461688537598e+02 -3.641824597244e-05
-3.479402160645e+02 -8.289397901631e-05
-3.497115478516e+02 9.247719190674e-05
-3.514829101562e+02 5.965179115743e-05
-3.532542724609e+02 -2.336776740081e-05
-3.550256042480e+02 8.631795309690e-05
-3.567969665527e+02 2.871938931261e-05
-3.585683288574e+02 -5.335705235713e-05
-3.603396606445e+02 3.605120986571e-06
-3.621110229492e+02 8.598424902670e-05
-3.638823852539e+02 6.883415720476e-06
-3.656537170410e+02 1.471705897764e-05
-3.674250793457e+02 -6.062932972991e-05
-3.691964416504e+02 4.635258984192e-05
-3.709677734375e+02 6.573329433091e-05
-3.727391357422e+02 4.617510117118e-06
-3.745104980469e+02 -1.993186270494e-04
-3.762818298340e+02 -1.633132326687e-04
-3.780531921387e+02 -7.826701178366e-06
-3.798245544434e+02 -1.476420383246e-04
-3.815959167480e+02 -6.796213562234e-05
-3.833672485352e+02 -2.695668616778e-05
-3.851386108398e+02 -2.678344712216e-05
-3.869099731445e+02 -2.488253681828e-04
-3.886813049316e+02 -1.383292293686e-04
-3.904526672363e+02 -1.039866481939e-04
-3.922240295410e+02 -1.115987353879e-04
-3.939953613281e+02 4.691931083136e-05
-3.957667236328e+02 -1.106154673187e-04
-3.975380859375e+02 -1.488670926469e-04
-3.993094177246e+02 -1.400725423765e-05
-4.010807800293e+02 -6.728454253777e-05
-4.028521423340e+02 5.062824588459e-07
-4.046234741211e+02 -9.079584910589e-05
-4.063948364258e+02 -2.170617534501e-04
-4.081661987305e+02 -1.259134471618e-04
-4.099375610352e+02 -7.893160360447e-06
-4.117088928223e+02 -1.272065550904e-04
-4.134802551270e+02 -1.957423630942e-04
-4.152516174316e+02 -1.916343958800e-04
-4.170229492188e+02 -1.522454542709e-04
-4.187943115234e+02 -6.894421904921e-05
-4.205656738281e+02 1.520502825776e-05
-4.223370056152e+02 -4.709365442561e-05
-4.241083679199e+02 -3.152340055229e-05
-4.258797302246e+02 -2.720190527597e-05
-4.276510620117e+02 -7.201470776717e-05
-4.294224243164e+02 -9.749182031684e-05
-4.311937866211e+02 -3.285465918070e-05
-4.329651184082e+02 -2.490600912851e-04
-4.347364807129e+02 2.172778277483e-05
-4.365078430176e+02 6.088166973085e-05
-4.382791748047e+02 -1.403778262057e-04
-4.400505371094e+02 -2.277405854452e-05
-4.418218994141e+02 -5.452594420018e-05
-4.435932617188e+02 -3.956559488349e-05
-4.453645935059e+02 -1.650513935998e-04
-4.471359558105e+02 -4.207561737472e-05
-4.489073181152e+02 -3.694044974070e-05
-4.506786499023e+02 -1.645774844973e-05
-4.524500122070e+02 -2.175217672192e-04
-4.542213745117e+02 -2.150683356155e-04
-4.559927062988e+02 -6.128233962264e-05
-4.577640686035e+02 -9.496316019736e-05
-4.595354309082e+02 -1.047318553006e-04
-4.613067626953e+02 -4.954658684030e-05
-4.630781250000e+02 -4.462678942454e-05
-4.648494873047e+02 1.078788894246e-05
-4.666208190918e+02 -5.247017990423e-05
-4.683921813965e+02 -1.080221510577e-04
-4.701635437012e+02 -9.557273692843e-05
-4.719348754883e+02 -2.212373570382e-04
-4.737062377930e+02 -2.546682329737e-05
-4.754776000977e+02 -7.963254680974e-05
-4.772489624023e+02 -2.152373743962e-04
-4.790202941895e+02 2.882707628438e-05
-4.807916564941e+02 -1.427682109933e-04
-4.825630187988e+02 -4.810116668526e-05
-4.843343505859e+02 -1.400529063704e-04
-4.861057128906e+02 2.472617780886e-05
-4.878770751953e+02 -1.051257824166e-04
-4.896484069824e+02 -1.557001992508e-04
-4.914197692871e+02 -8.632605187840e-05
-4.931911315918e+02 -5.895536300421e-05
-4.949624633789e+02 -7.986799261837e-05
-4.967338256836e+02 -2.839865819396e-04
-4.985051879883e+02 -1.072091511150e-04
-5.002765197754e+02 -6.042595867228e-05
-5.020478820801e+02 2.873832123881e-05
-5.038192443848e+02 -8.901332741573e-05
-5.055906066895e+02 -7.744869212609e-05
-5.073619384766e+02 -1.719383604534e-05
-5.091333007812e+02 -2.539028161662e-05
-5.109046630859e+02 -8.520891177063e-05
-5.126760253906e+02 -2.675933070921e-04
-5.144473266602e+02 -1.119411491873e-04
-5.162186889648e+02 -2.111025403871e-04
-5.179900512695e+02 -2.408250721936e-05
-5.197614135742e+02 -1.361608122887e-04
-5.215327758789e+02 8.810329855724e-05
-5.233041381836e+02 -2.483203426603e-06
-5.250755004883e+02 -1.326096567913e-04
-5.268468017578e+02 3.160420256836e-06
-5.286181640625e+02 -2.281856496236e-04
-5.303895263672e+02 7.019156550967e-05
-5.321608886719e+02 -1.579277590423e-04
-5.339322509766e+02 -1.447846511230e-04
-5.357036132812e+02 -1.927459480521e-04
-5.374749145508e+02 -7.295384604544e-05
-5.392462768555e+02 -6.942249419219e-05
-5.410176391602e+02 -2.689135500366e-04
-5.427890014648e+02 4.747490810344e-05
-5.445603637695e+02 -8.834243985402e-05
-5.463317260742e+02 -8.815396250771e-05
-5.481030273438e+02 6.550434542887e-05
-5.498743896484e+02 -1.421591110994e-04
-5.516457519531e+02 -1.386469519427e-04
-5.534171142578e+02 -8.513231234788e-05
-5.551884765625e+02 -2.180176182826e-04
-5.569598388672e+02 -1.674328376903e-04
-5.587312011719e+02 -9.060801250954e-05
-5.605025024414e+02 -2.835844889868e-04
-5.622738647461e+02 -2.762779128646e-04
-5.640452270508e+02 -3.931084461962e-05
-5.658165893555e+02 -1.752378576781e-04
-5.675879516602e+02 -2.034819818824e-04
-5.693593139648e+02 -6.688201745132e-05
-5.711306152344e+02 -1.305412861124e-04
-5.729019775391e+02 -4.464524823884e-05
-5.746733398438e+02 -3.029467905409e-04
-5.764447021484e+02 -1.575972661725e-04
-5.782160644531e+02 -1.340498540891e-04
-5.799874267578e+02 -1.619886236837e-04
-5.817587280273e+02 -1.351528082907e-04
-5.835300903320e+02 -1.163386981313e-04
-5.853014526367e+02 -1.709752611068e-04
-5.870728149414e+02 -1.744023495303e-04
-5.888441772461e+02 -3.061216022933e-04
-5.906155395508e+02 -3.491858186279e-05
-5.923869018555e+02 -8.539729225939e-05
-5.941582031250e+02 -1.076913080106e-04
-5.959295654297e+02 -1.776193911755e-04
-5.977009277344e+02 -1.557253971156e-04
-5.994722900391e+02 -1.871261834571e-05
-6.012436523438e+02 -1.024205845068e-05
-6.030150146484e+02 9.049608801985e-06
-6.047863159180e+02 -4.011219185379e-05
-6.065576782227e+02 -1.589576230448e-04
-6.083290405273e+02 -2.264006841429e-04
-6.101004028320e+02 -3.115586190387e-04
-6.118717651367e+02 -2.905955750685e-04
-6.136431274414e+02 -1.115416490367e-04
-6.154144897461e+02 -2.114091913978e-04
-6.171857910156e+02 -1.228125675241e-04
-6.189571533203e+02 -1.738382511453e-04
-6.207285156250e+02 -2.309869786541e-04
-6.224998779297e+02 -4.473738957346e-05
-6.242712402344e+02 -1.842175511598e-04
-6.260426025391e+02 -3.112805335552e-04
-6.278139038086e+02 -1.469633202023e-04
-6.295852661133e+02 1.569993421500e-04
-6.313566284180e+02 -1.315005633110e-04
-6.331279907227e+02 -2.343147210312e-04
-6.348993530273e+02 -1.098855339029e-04
-6.366707153320e+02 -1.997301673388e-04
-6.384420166016e+02 -2.342057339330e-05
-6.402133789062e+02 -1.110792585323e-04
-6.419847412109e+02 3.588075361207e-05
-6.437561035156e+02 -6.859070947219e-06
-6.455274658203e+02 3.058803971856e-05
-6.472988281250e+02 -1.650395173738e-04
-6.490701904297e+02 -1.456988374057e-04
-6.508414916992e+02 -1.206175742219e-04
-6.526128540039e+02 -1.240600853479e-04
-6.543842163086e+02 -1.324972852667e-05
-6.561555786133e+02 -2.497792548861e-05
-6.579269409180e+02 1.345459584723e-04
-6.596983032227e+02 -5.142183101039e-05
-6.614696044922e+02 -3.552048077019e-05
-6.632409667969e+02 7.070093937753e-05
-6.650123291016e+02 -1.136661225902e-04
-6.667836914062e+02 -1.293671639615e-04
-6.685550537109e+02 -7.304329772034e-05
-6.703264160156e+02 -6.379233603683e-05
-6.720977172852e+02 -3.846647028047e-05
-6.738690795898e+02 -1.182171162489e-04
-6.756404418945e+02 -1.584813670093e-04
-6.774118041992e+02 -9.248546205159e-05
-6.791831665039e+02 -1.805656787090e-04
-6.809545288086e+02 1.598565728894e-05
-6.827258911133e+02 -6.268007605959e-05
-6.844971923828e+02 1.091255951351e-05
-6.862685546875e+02 -1.657258797921e-04
-6.880399169922e+02 -1.197683719063e-04
-6.898112792969e+02 -2.841743961842e-05
-6.915826416016e+02 -1.188648027015e-04
-6.933540039062e+02 -2.487982331670e-04
-6.951253051758e+02 4.122192980938e-05
-6.968966674805e+02 -1.148453483890e-04
-6.986680297852e+02 -1.886959910612e-04
-7.004393920898e+02 -1.731567465058e-04
-7.022107543945e+02 -5.528109410716e-05
-7.039821166992e+02 -1.320101383445e-04
-7.057534179688e+02 -1.791745509374e-04
-7.075247802734e+02 -1.662846137588e-04
-7.092961425781e+02 -5.130057280541e-05
-7.110675048828e+02 -3.379618909546e-05
-7.128388671875e+02 -2.097413341485e-04
-7.146102294922e+02 -1.664085467223e-04
-7.163815917969e+02 -2.620701318286e-04
-7.181528930664e+02 -1.603969262729e-04
-7.199242553711e+02 -3.047936554481e-05
-7.216956176758e+02 -1.090845591978e-04
-7.234669799805e+02 3.385602843636e-05
-7.252383422852e+02 -1.225969253596e-04
-7.270097045898e+02 -2.581174496226e-04
-7.287810058594e+02 -7.524662822259e-05
-7.305523681641e+02 -2.424045767287e-04
-7.323237304688e+02 -7.757676016205e-05
-7.340950927734e+02 -1.372887259365e-04
-7.358664550781e+02 -9.741401389997e-05
-7.376378173828e+02 3.077567514922e-05
-7.394091186523e+02 -1.824613151192e-04
-7.411804809570e+02 5.808761619261e-05
-7.429518432617e+02 4.039582802000e-05
-7.447232055664e+02 -5.775571516300e-05
-7.464945678711e+02 -9.034818094946e-05
-7.482659301758e+02 -7.580016168375e-05
-7.500372924805e+02 -6.830851313074e-05
-7.518085937500e+02 -1.167603935625e-04
-7.535799560547e+02 -9.341802891746e-05
-7.553513183594e+02 -1.439324834762e-04
-7.571226806641e+02 -1.612526254951e-04
-7.588940429688e+02 -2.034989841082e-05
-7.606654052734e+02 -1.323610905096e-04
-7.624367065430e+02 -1.369760101529e-04
-7.642080688477e+02 -1.573419347633e-04
-7.659794311523e+02 -7.461156305409e-05
-7.677507934570e+02 -5.326704933925e-05
-7.695221557617e+02 -6.927167208200e-05
-7.712935180664e+02 -8.947167970525e-05
-7.730648803711e+02 -1.357354586222e-04
-7.748361816406e+02 -1.300497563859e-04
-7.766075439453e+02 -1.354972337469e-04
-7.783789062500e+02 -6.687639971329e-05
-7.801502685547e+02 -1.475507370430e-05
-7.819216308594e+02 -2.162550343471e-04
-7.836929931641e+02 -3.186811285585e-05
-7.854642944336e+02 -9.864385149520e-05
-7.872356567383e+02 -1.865173070807e-04
-7.890070190430e+02 3.344673822241e-05
-7.907783813477e+02 -1.097480334315e-04
-7.925497436523e+02 -1.470795045617e-04
-7.943211059570e+02 -2.245758878564e-04
-7.960924072266e+02 -5.165640510104e-05
-7.978637695312e+02 -8.271868174770e-05
-7.996351318359e+02 -1.813445475405e-04
-8.014064941406e+02 -2.027549094898e-04
-8.031778564453e+02 -1.483773361586e-04
-8.049492187500e+02 -4.446394952728e-06
-8.067205810547e+02 8.087950583999e-05
-8.084918823242e+02 -2.037925071953e-04
-8.102632446289e+02 -1.079946137105e-04
-8.120346069336e+02 -4.256712474946e-05
-8.138059692383e+02 -8.307714409841e-05
-8.155773315430e+02 -7.143010538345e-05
-8.173486938477e+02 -1.052333539044e-04
-8.191199951172e+02 -9.418200403758e-05
-8.208913574219e+02 -2.008186972158e-04
-8.226627197266e+02 -8.022209637922e-05
-8.244340820312e+02 -1.070828265149e-04
-8.262054443359e+02 -1.105837799979e-04
-8.279768066406e+02 -1.390414453029e-04
-8.297481079102e+02 -9.601723858796e-05
-8.315194702148e+02 -1.322541001672e-04
-8.332908325195e+02 -1.271332711762e-04
-8.350621948242e+02 -1.507901322938e-04
-8.368335571289e+02 -1.542358620707e-04
-8.386049194336e+02 -1.540737672316e-04
-8.403762817383e+02 -2.967526755616e-04
-8.421475830078e+02 -2.581019822165e-04
-8.439189453125e+02 -8.760656832525e-05
-8.456903076172e+02 -1.339962546097e-04
-8.474616699219e+02 3.499512168090e-05
-8.492330322266e+02 -2.547769667521e-04
-8.510043945312e+02 -9.662072819439e-05
-8.527756958008e+02 -1.173642482474e-04
-8.545470581055e+02 -1.506532353194e-04
-8.563184204102e+02 -1.170670222216e-04
-8.580897827148e+02 -7.093385943922e-05
-8.598611450195e+02 -1.616772490046e-04
-8.616325073242e+02 -1.238635390224e-04
-8.634038085938e+02 5.699948119649e-05
-8.651751708984e+02 -1.374862259364e-04
-8.669465332031e+02 -2.122679900617e-04
-8.687178955078e+02 -1.100951187451e-04
-8.704892578125e+02 -6.132281490365e-05
-8.722606201172e+02 -1.612439944627e-06
-8.740319824219e+02 -1.418288119447e-04
-8.758032836914e+02 -1.847651539585e-04
-8.775746459961e+02 -7.177272779905e-05
-8.793460083008e+02 -3.576636856802e-05
-8.811173706055e+02 -1.172223835982e-05
-8.828887329102e+02 -2.256117868295e-04
-8.846600952148e+02 -4.767734783845e-05
-8.864313964844e+02 -4.579568499288e-05
-8.882027587891e+02 -1.279297829833e-04
-8.899741210938e+02 7.371779881381e-05
-8.917454833984e+02 -1.339756463028e-04
-8.935168457031e+02 -5.822191663954e-05
-8.952882080078e+02 -6.140946516011e-05
-8.970595092773e+02 -2.034137792644e-04
-8.988308715820e+02 -2.680958338761e-04
-9.006022338867e+02 -1.103907428961e-04
-9.023735961914e+02 -1.505575996623e-04
-9.041449584961e+02 -2.716289887699e-04
-9.059163208008e+02 -1.111357637382e-04
-9.076876831055e+02 -2.193085208393e-04
-9.094589843750e+02 -1.093431241591e-05
-9.112303466797e+02 -2.044191308556e-04
-9.130017089844e+02 -1.165216247948e-04
-9.147730712891e+02 -2.410856748888e-05
-9.165444335938e+02 -6.960983905019e-05
-9.183157958984e+02 -1.546907591533e-05
-9.200870971680e+02 2.609627910974e-06
-9.218584594727e+02 4.592251250711e-06
-9.236298217773e+02 -7.247779862617e-05
-9.254011840820e+02 -2.205494523496e-05
-9.271725463867e+02 3.261428853807e-05
-9.289439086914e+02 1.751277380916e-04
-9.307152099609e+02 2.229734467078e-04
-9.324865722656e+02 -9.262024306099e-05
-9.342579345703e+02 -1.192521286028e-04
-9.360292968750e+02 2.595130924463e-04
-9.378006591797e+02 2.454086360669e-04
-9.395720214844e+02 1.378533011587e-04
-9.413433837891e+02 1.881714403599e-04
-9.431146850586e+02 4.429483624085e-04
-9.448860473633e+02 4.865017466355e-04
-9.466574096680e+02 3.496496247427e-04
-9.484287719727e+02 5.017190813903e-04
-9.502001342773e+02 2.735558282131e-04
-9.519714965820e+02 6.256732641806e-04
-9.537427978516e+02 4.873341553416e-04
-9.555141601562e+02 5.407644171072e-04
-9.572855224609e+02 5.744364534470e-04
-9.590568847656e+02 7.253644810930e-04
-9.608282470703e+02 6.178369219505e-04
-9.625996093750e+02 4.419827373150e-04
-9.643709716797e+02 6.205785569265e-04
-9.661422729492e+02 5.754320894806e-04
-9.679136352539e+02 7.428629155140e-04
-9.696849975586e+02 6.165640647009e-04
-9.714563598633e+02 6.071774055865e-04
-9.732277221680e+02 5.224202523412e-04
-9.749990844727e+02 5.772731578359e-04
-9.767703857422e+02 5.194155820554e-04
-9.785417480469e+02 3.493693338873e-04
-9.803131103516e+02 5.336143031850e-04
-9.820844726562e+02 3.655195409819e-04
-9.838558349609e+02 3.377889555201e-04
-9.856271972656e+02 3.963652441414e-04
-9.873984985352e+02 3.727941094083e-04
-9.891698608398e+02 4.855851761669e-04
-9.909412231445e+02 3.339829603519e-04
-9.927125854492e+02 2.887423771674e-04
-9.944839477539e+02 3.904061800900e-04
-9.962553100586e+02 4.451412471963e-04
-9.980266723633e+02 4.407992572344e-04
-9.997979736328e+02 5.317614927141e-04
-1.001569335938e+03 4.389628976463e-04
-1.003340698242e+03 4.976231394138e-04
-1.005112060547e+03 4.898908370961e-04
-1.006883422852e+03 5.413899082792e-04
-1.008654785156e+03 5.214193710986e-04
-1.010426086426e+03 4.349294511428e-04
-1.012197448730e+03 4.372427671211e-04
-1.013968811035e+03 5.566774275066e-04
-1.015740173340e+03 4.566157081047e-04
-1.017511535645e+03 4.790033925596e-04
-1.019282897949e+03 4.822579851329e-04
